0.000010 0.000010 0.000010 0.999890 0.000010 0.000010 0.000010 0.000010 0.000010 0.000010 0.000010 0.000010
0.009895 0.000010 0.000010 0.663394 0.001252 0.000010 0.000010 0.033819 0.000010 0.235472 0.000010 0.056109
0.000010 0.000010 0.000010 0.013486 0.613642 0.000010 0.000010 0.000010 0.000010 0.000010 0.000010 0.372782
0.000010 0.000010 0.000010 0.030949 0.606677 0.000010 0.000010 0.000010 0.000010 0.000010 0.000010 0.362284
0.000010 0.000010 0.000010 0.089126 0.354298 0.000010 0.000010 0.000010 0.000010 0.000010 0.000010 0.556487
0.000010 0.000010 0.000010 0.054986 0.456237 0.000010 0.000010 0.000010 0.000010 0.000010 0.000010 0.488687
0.000010 0.000010 0.000010 0.017143 0.609510 0.000010 0.000010 0.000010 0.000010 0.000010 0.000010 0.373256
0.000010 0.000010 0.000010 0.074277 0.416726 0.000010 0.000010 0.000010 0.000010 0.000010 0.000010 0.508907
0.000010 0.000010 0.000010 0.000010 0.999889 0.000010 0.000010 0.000010 0.000010 0.000010 0.000010 0.000010
0.000010 0.000010 0.000010 0.101413 0.199701 0.000010 0.000010 0.000010 0.000010 0.002946 0.000010 0.695860
0.000010 0.000010 0.000010 0.095691 0.133954 0.000010 0.000010 0.000010 0.000010 0.000010 0.000010 0.770265
0.052925 0.000010 0.000010 0.043709 0.131537 0.001905 0.000010 0.000010 0.018293 0.000010 0.000010 0.751571
0.000010 0.000010 0.000010 0.046087 0.135767 0.000010 0.000010 0.009893 0.000010 0.000016 0.000010 0.808167
0.000010 0.000010 0.000010 0.000010 0.475441 0.000010 0.000010 0.000010 0.000010 0.000010 0.000010 0.524459
0.000010 0.000010 0.000010 0.000010 0.465830 0.000010 0.000010 0.000010 0.000010 0.000010 0.000010 0.534070
0.000010 0.000010 0.000011 0.000010 0.526676 0.000012 0.000010 0.000010 0.000010 0.000010 0.000010 0.473220
0.000010 0.000010 0.000010 0.000010 0.516783 0.000010 0.000010 0.000010 0.000010 0.000020 0.000010 0.483107
0.000010 0.000010 0.000010 0.000010 0.999890 0.000010 0.000010 0.000010 0.000010 0.000010 0.000010 0.000010
0.000010 0.000010 0.000010 0.000012 0.727524 0.000020 0.000010 0.000010 0.000010 0.000010 0.000010 0.272363
0.000010 0.000010 0.000010 0.000010 0.522129 0.000010 0.000010 0.000010 0.000010 0.000010 0.000010 0.477771
0.000010 0.000010 0.000010 0.059563 0.234690 0.000010 0.000010 0.000010 0.000010 0.000010 0.000010 0.705657
0.000010 0.000010 0.000010 0.000010 0.304570 0.000010 0.000010 0.000010 0.000010 0.000010 0.000010 0.695330
0.000010 0.000010 0.000010 0.000010 0.153354 0.000010 0.000010 0.000010 0.000010 0.000010 0.000010 0.846546
0.000010 0.000010 0.000010 0.000010 0.205884 0.000010 0.000010 0.000010 0.000010 0.000010 0.000010 0.794016
0.000010 0.000010 0.000010 0.000010 0.584859 0.000018 0.000010 0.000010 0.000010 0.000010 0.000010 0.415033
0.000010 0.000010 0.000010 0.000010 0.999890 0.000010 0.000010 0.000010 0.000010 0.000010 0.000010 0.000010
0.000010 0.000010 0.000010 0.027336 0.196249 0.000010 0.000010 0.000010 0.000010 0.008891 0.000010 0.767444
0.000010 0.000010 0.000010 0.034402 0.220842 0.000010 0.000010 0.000010 0.000010 0.000010 0.000010 0.744666
0.000010 0.000010 0.000010 0.038536 0.172047 0.000010 0.000010 0.000010 0.000010 0.009051 0.000010 0.780286
0.000010 0.000010 0.000010 0.010911 0.281582 0.033488 0.000010 0.000010 0.000010 0.000010 0.000010 0.673939
0.000010 0.000010 0.000010 0.000010 0.999890 0.000010 0.000010 0.000010 0.000010 0.000010 0.000010 0.000010
0.000010 0.000010 0.000010 0.008529 0.092866 0.004091 0.000010 0.000010 0.000010 0.001586 0.000010 0.892859
0.000010 0.000010 0.000010 0.000010 0.413614 0.000010 0.000010 0.000010 0.000010 0.000010 0.000010 0.586286
0.000010 0.000010 0.000010 0.000010 0.126617 0.005669 0.000010 0.000010 0.000010 0.000010 0.000010 0.867625
0.000010 0.000010 0.000010 0.000010 0.647591 0.000010 0.000010 0.000010 0.000010 0.000010 0.000010 0.352309
0.000010 0.000010 0.000010 0.000010 0.599744 0.000217 0.000010 0.000010 0.000010 0.000010 0.000010 0.399949
0.000010 0.000010 0.000010 0.000010 0.999890 0.000010 0.000010 0.000010 0.000010 0.000010 0.000010 0.000010
0.000010 0.000010 0.000010 0.000010 0.999890 0.000010 0.000010 0.000010 0.000010 0.000010 0.000010 0.000010
0.000010 0.000010 0.000010 0.000010 0.999890 0.000010 0.000010 0.000010 0.000010 0.000010 0.000010 0.000010
0.000010 0.000010 0.000010 0.000010 0.999890 0.000010 0.000010 0.000010 0.000010 0.000010 0.000010 0.000010
0.000010 0.000010 0.000010 0.000010 0.999890 0.000010 0.000010 0.000010 0.000010 0.000010 0.000010 0.000010
0.000010 0.000010 0.000010 0.000010 0.439195 0.008812 0.000010 0.000010 0.000010 0.000010 0.000010 0.551902
0.000010 0.000010 0.000010 0.000010 0.999889 0.000010 0.000011 0.000010 0.000010 0.000010 0.000010 0.000010
0.000010 0.000010 0.000010 0.245511 0.354526 0.000010 0.000010 0.080731 0.000010 0.000010 0.000010 0.319153
0.000010 0.000010 0.000010 0.000010 0.999890 0.000010 0.000010 0.000010 0.000010 0.000010 0.000010 0.000010
0.000010 0.000010 0.064680 0.059797 0.736109 0.000010 0.000010 0.000010 0.000010 0.000010 0.139334 0.000010
0.000010 0.000010 0.033469 0.000010 0.802828 0.000010 0.000010 0.000010 0.163613 0.000010 0.000010 0.000010
0.000010 0.000010 0.000010 0.000010 0.999890 0.000010 0.000010 0.000010 0.000010 0.000010 0.000010 0.000010
0.000010 0.000010 0.000010 0.499707 0.000010 0.000010 0.000010 0.000010 0.000010 0.000010 0.000010 0.500193
0.000010 0.000010 0.000010 0.343839 0.136015 0.000010 0.000010 0.000010 0.000010 0.000010 0.000010 0.520055
0.000010 0.000010 0.000010 0.285962 0.280944 0.000010 0.000010 0.000010 0.000010 0.000010 0.000010 0.433004
0.000010 0.000010 0.000010 0.000010 0.889730 0.000010 0.000010 0.000010 0.000010 0.110170 0.000010 0.000010
0.089169 0.000010 0.000010 0.174581 0.208191 0.000010 0.000010 0.000010 0.000010 0.278774 0.000010 0.249215
0.000010 0.000010 0.000010 0.000010 0.999890 0.000010 0.000010 0.000010 0.000010 0.000010 0.000010 0.000010
0.000010 0.000010 0.000016 0.000010 0.999881 0.000010 0.000010 0.000010 0.000010 0.000010 0.000013 0.000010
0.005860 0.000010 0.000010 0.147614 0.298140 0.000010 0.000010 0.000010 0.000010 0.324224 0.000010 0.224093
0.000010 0.000017 0.000010 0.000010 0.999878 0.000013 0.000010 0.000010 0.000010 0.000010 0.000012 0.000010
0.000010 0.000010 0.000010 0.000010 0.999890 0.000010 0.000010 0.000010 0.000010 0.000010 0.000010 0.000010
0.013767 0.000010 0.000010 0.083992 0.418759 0.000010 0.000010 0.000010 0.000010 0.342882 0.000010 0.140529
0.000010 0.000010 0.000010 0.000010 0.999887 0.000010 0.000010 0.000010 0.000010 0.000010 0.000013 0.000010
0.000010 0.000010 0.000010 0.092635 0.425481 0.000010 0.000010 0.004270 0.000010 0.337574 0.000010 0.139970
0.000010 0.000010 0.000010 0.000010 0.735576 0.000010 0.000010 0.000010 0.000010 0.264324 0.000010 0.000010
0.000017 0.000010 0.000010 0.043297 0.620546 0.000010 0.000010 0.000010 0.000010 0.301350 0.000010 0.034721
0.000010 0.000010 0.000010 0.206495 0.175196 0.000010 0.000010 0.050021 0.000010 0.227889 0.000010 0.340329
0.000010 0.000010 0.000010 0.200736 0.163853 0.000010 0.000010 0.024501 0.000010 0.249168 0.000010 0.361672
0.013048 0.000010 0.000010 0.636240 0.059202 0.000010 0.000010 0.000010 0.000010 0.091301 0.000010 0.200139
0.000010 0.000010 0.000010 0.999890 0.000010 0.000010 0.000010 0.000010 0.000010 0.000010 0.000010 0.000010
0.062290 0.000010 0.000010 0.606019 0.032114 0.000010 0.000010 0.024121 0.004919 0.092510 0.000010 0.177977
0.000010 0.000010 0.000010 0.802520 0.020506 0.000010 0.000010 0.000010 0.000010 0.000010 0.000010 0.176884
0.000010 0.000010 0.000010 0.000010 0.701708 0.000010 0.000010 0.000010 0.000010 0.250279 0.000010 0.047923
0.000010 0.000010 0.000010 0.138878 0.478698 0.197902 0.000010 0.000010 0.000010 0.000010 0.000010 0.184442
0.000010 0.000010 0.000010 0.000010 0.999890 0.000010 0.000010 0.000010 0.000010 0.000010 0.000010 0.000010
0.000010 0.000010 0.000010 0.000010 0.868834 0.000010 0.000010 0.000010 0.000010 0.000010 0.131066 0.000010
0.000010 0.000010 0.000010 0.129541 0.376377 0.218936 0.000010 0.000010 0.000010 0.000010 0.000010 0.275066
0.000010 0.000010 0.000010 0.156419 0.355007 0.178379 0.000010 0.000010 0.000010 0.000010 0.000010 0.310115
0.000010 0.000010 0.000010 0.036222 0.576786 0.282577 0.000010 0.000010 0.000010 0.000010 0.000010 0.104335
0.000010 0.000010 0.000010 0.225733 0.171440 0.000010 0.000010 0.259370 0.000010 0.000010 0.000010 0.343377
0.000010 0.000010 0.000010 0.078994 0.500662 0.120145 0.000010 0.000010 0.000010 0.000010 0.000010 0.300119
0.000010 0.000010 0.000010 0.000010 0.700515 0.000010 0.000010 0.000010 0.000010 0.010404 0.174624 0.114376
0.000010 0.000010 0.068085 0.020395 0.616621 0.087040 0.000010 0.000010 0.000010 0.007716 0.000010 0.200082
0.000010 0.000010 0.000010 0.125364 0.388694 0.186027 0.000010 0.000010 0.000010 0.000010 0.000010 0.299836
0.000010 0.000010 0.000010 0.140553 0.314406 0.186388 0.000010 0.000010 0.000010 0.000010 0.000010 0.358573
0.000010 0.000010 0.000010 0.000010 0.999890 0.000010 0.000010 0.000010 0.000010 0.000010 0.000010 0.000010
0.000010 0.000010 0.000010 0.037801 0.584181 0.000010 0.000010 0.000010 0.000010 0.200247 0.000010 0.177691
0.075301 0.000010 0.000010 0.000010 0.924599 0.000010 0.000010 0.000010 0.000010 0.000010 0.000010 0.000010
0.000010 0.000010 0.000010 0.087958 0.485221 0.222606 0.000010 0.000010 0.000010 0.000010 0.000010 0.204136
0.000010 0.000010 0.000010 0.431782 0.046213 0.000010 0.000010 0.000010 0.000010 0.105995 0.027006 0.388934
0.000735 0.000010 0.000010 0.163240 0.370269 0.221453 0.000010 0.000010 0.000010 0.000010 0.000010 0.244233
0.000408 0.000010 0.000010 0.177032 0.326848 0.279286 0.000010 0.000010 0.000010 0.000010 0.000010 0.216357
0.000010 0.000010 0.000010 0.031010 0.543733 0.176377 0.000010 0.000010 0.000010 0.000010 0.000010 0.248800
0.000010 0.000010 0.000010 0.092439 0.703277 0.204195 0.000010 0.000010 0.000010 0.000010 0.000010 0.000010
0.000852 0.000010 0.000010 0.108384 0.626011 0.261651 0.000010 0.000010 0.000010 0.000010 0.000010 0.003032
0.899607 0.000010 0.000010 0.100292 0.000012 0.000010 0.000010 0.000010 0.000010 0.000010 0.000010 0.000010
0.000010 0.000010 0.000010 0.999890 0.000010 0.000010 0.000010 0.000010 0.000010 0.000010 0.000010 0.000010
0.000010 0.000010 0.041653 0.003330 0.452250 0.000010 0.000010 0.000010 0.000010 0.000010 0.000010 0.502687
0.000010 0.000010 0.000010 0.063853 0.357610 0.000010 0.000010 0.000010 0.000010 0.000010 0.000010 0.578447
0.000010 0.000010 0.000010 0.082700 0.284466 0.000010 0.000010 0.000010 0.000010 0.000010 0.000010 0.632744
0.000010 0.000010 0.000010 0.000010 0.999890 0.000010 0.000010 0.000010 0.000010 0.000010 0.000010 0.000010
0.071123 0.000010 0.000010 0.319850 0.139286 0.000010 0.000010 0.000010 0.000010 0.005160 0.000010 0.464512
0.000010 0.000010 0.000010 0.000010 0.999880 0.000014 0.000010 0.000017 0.000010 0.000010 0.000010 0.000010
0.000010 0.000010 0.000010 0.000010 0.999890 0.000010 0.000010 0.000010 0.000010 0.000010 0.000010 0.000010
0.000010 0.000010 0.000010 0.000010 0.999890 0.000010 0.000010 0.000010 0.000010 0.000010 0.000010 0.000010
0.000010 0.000010 0.000013 0.000010 0.999886 0.000010 0.000011 0.000010 0.000010 0.000010 0.000010 0.000010
0.000010 0.000019 0.000010 0.000010 0.999871 0.000010 0.000019 0.000010 0.000010 0.000010 0.000010 0.000010
0.000010 0.000010 0.000010 0.000010 0.999890 0.000010 0.000010 0.000010 0.000010 0.000010 0.000010 0.000010
0.000010 0.000010 0.000015 0.000010 0.999885 0.000010 0.000010 0.000010 0.000010 0.000010 0.000010 0.000010
0.000010 0.000010 0.000010 0.000010 0.999882 0.000010 0.000012 0.000010 0.000010 0.000016 0.000010 0.000010
0.000010 0.000010 0.000010 0.000010 0.999890 0.000010 0.000010 0.000010 0.000010 0.000010 0.000010 0.000010
0.000010 0.000010 0.000010 0.000010 0.999890 0.000010 0.000010 0.000010 0.000010 0.000010 0.000010 0.000010
0.000010 0.000010 0.000010 0.000010 0.999890 0.000010 0.000010 0.000010 0.000010 0.000010 0.000010 0.000010
0.000010 0.000010 0.000010 0.114105 0.260254 0.000010 0.000010 0.000010 0.000010 0.000010 0.000010 0.625552
0.000010 0.000010 0.000010 0.000010 0.999890 0.000010 0.000010 0.000010 0.000010 0.000010 0.000010 0.000010
0.000010 0.000010 0.000010 0.000010 0.999890 0.000010 0.000010 0.000010 0.000010 0.000010 0.000010 0.000010
0.000010 0.000010 0.000010 0.000010 0.999890 0.000010 0.000010 0.000010 0.000010 0.000010 0.000010 0.000010
0.000010 0.000010 0.000010 0.000010 0.999890 0.000010 0.000010 0.000010 0.000010 0.000010 0.000010 0.000010
0.000010 0.000010 0.000010 0.000010 0.999890 0.000010 0.000010 0.000010 0.000010 0.000010 0.000010 0.000010
0.000010 0.000010 0.000010 0.000010 0.821562 0.000010 0.000010 0.000010 0.000010 0.000010 0.000010 0.178338
0.000010 0.000010 0.000010 0.899683 0.000010 0.000010 0.000010 0.000010 0.000010 0.058800 0.000010 0.041426
0.000010 0.000010 0.287473 0.291404 0.155519 0.000010 0.000010 0.000010 0.000010 0.000010 0.000010 0.265523
0.000010 0.000010 0.000010 0.244376 0.174595 0.000010 0.000010 0.539325 0.000010 0.000010 0.000010 0.041623
0.000010 0.000010 0.000010 0.000010 0.882601 0.000010 0.000010 0.000010 0.000010 0.000010 0.117299 0.000010
0.000010 0.000010 0.000010 0.000010 0.999890 0.000010 0.000010 0.000010 0.000010 0.000010 0.000010 0.000010
0.000010 0.000010 0.000010 0.000010 0.999890 0.000010 0.000010 0.000010 0.000010 0.000010 0.000010 0.000010
0.000010 0.000010 0.000010 0.000010 0.999890 0.000010 0.000010 0.000010 0.000010 0.000010 0.000010 0.000010
0.000010 0.000010 0.000010 0.000010 0.999890 0.000010 0.000010 0.000010 0.000010 0.000010 0.000010 0.000010
0.000010 0.000010 0.000010 0.000010 0.999890 0.000010 0.000010 0.000010 0.000010 0.000010 0.000010 0.000010
0.000010 0.000010 0.000010 0.000010 0.221954 0.000010 0.777946 0.000010 0.000010 0.000010 0.000010 0.000010
0.000010 0.000010 0.000010 0.000010 0.999890 0.000010 0.000010 0.000010 0.000010 0.000010 0.000010 0.000010
0.000010 0.000010 0.000010 0.000010 0.999257 0.000014 0.000010 0.000010 0.000010 0.000010 0.000639 0.000010
0.000010 0.000010 0.000010 0.000010 0.999888 0.000010 0.000010 0.000010 0.000010 0.000010 0.000012 0.000010
0.000010 0.000010 0.000010 0.077914 0.349362 0.000010 0.000010 0.000010 0.211832 0.000010 0.000010 0.360812
0.000010 0.000010 0.000010 0.240515 0.211082 0.000010 0.000010 0.000010 0.000010 0.000010 0.000010 0.548313
0.000010 0.000010 0.000010 0.277680 0.234601 0.000010 0.000010 0.000010 0.000010 0.000010 0.000010 0.487629
0.000010 0.000010 0.000010 0.000010 0.999890 0.000010 0.000010 0.000010 0.000010 0.000010 0.000010 0.000010
0.000010 0.000010 0.000010 0.000010 0.999890 0.000010 0.000010 0.000010 0.000010 0.000010 0.000010 0.000010
0.000019 0.000011 0.000015 0.000010 0.999865 0.000010 0.000015 0.000010 0.000011 0.000010 0.000015 0.000010
0.000010 0.000010 0.000010 0.000010 0.999890 0.000010 0.000010 0.000010 0.000010 0.000010 0.000010 0.000010
0.000010 0.000010 0.000010 0.000010 0.999890 0.000010 0.000010 0.000010 0.000010 0.000010 0.000010 0.000010
0.000010 0.000010 0.000010 0.000010 0.999880 0.000016 0.000010 0.000010 0.000013 0.000010 0.000011 0.000010
0.000010 0.000010 0.000010 0.000016 0.999883 0.000010 0.000010 0.000010 0.000010 0.000010 0.000010 0.000010
0.000010 0.000010 0.000010 0.000010 0.999890 0.000010 0.000010 0.000010 0.000010 0.000010 0.000010 0.000010
0.000010 0.000010 0.000010 0.014222 0.560408 0.000010 0.039383 0.000010 0.000010 0.000010 0.000010 0.385906
0.000015 0.000010 0.000010 0.000010 0.999873 0.000011 0.000010 0.000010 0.000010 0.000020 0.000012 0.000010
0.000010 0.000010 0.000010 0.000010 0.999890 0.000010 0.000010 0.000010 0.000010 0.000010 0.000010 0.000010
0.000010 0.000010 0.000014 0.000010 0.999886 0.000010 0.000010 0.000010 0.000010 0.000010 0.000010 0.000010
0.000010 0.000010 0.000010 0.104138 0.379900 0.019689 0.000010 0.000010 0.000010 0.000010 0.000010 0.496193
0.000010 0.000010 0.000010 0.000010 0.890220 0.000010 0.109680 0.000010 0.000010 0.000010 0.000010 0.000010
0.000010 0.000010 0.000010 0.999890 0.000010 0.000010 0.000010 0.000010 0.000010 0.000010 0.000010 0.000010
0.000010 0.000010 0.914458 0.000010 0.085442 0.000010 0.000010 0.000010 0.000010 0.000010 0.000010 0.000010
0.000010 0.000010 0.892271 0.000010 0.107629 0.000010 0.000010 0.000010 0.000010 0.000010 0.000010 0.000010
0.836948 0.000010 0.000010 0.135304 0.027659 0.000010 0.000010 0.000010 0.000010 0.000010 0.000010 0.000010
0.000010 0.000010 0.000010 0.999890 0.000010 0.000010 0.000010 0.000010 0.000010 0.000010 0.000010 0.000010
0.000010 0.000010 0.999890 0.000010 0.000010 0.000010 0.000010 0.000010 0.000010 0.000010 0.000010 0.000010
0.000010 0.000010 0.000010 0.000010 0.169189 0.000010 0.000010 0.830711 0.000010 0.000010 0.000010 0.000010
0.000010 0.000010 0.000010 0.172404 0.000010 0.000010 0.000010 0.000010 0.827496 0.000010 0.000010 0.000010
0.000010 0.000010 0.000010 0.000010 0.999890 0.000010 0.000010 0.000010 0.000010 0.000010 0.000010 0.000010
0.000010 0.000011 0.000010 0.000010 0.999889 0.000010 0.000010 0.000010 0.000010 0.000010 0.000010 0.000010
0.000010 0.000010 0.000010 0.039897 0.642711 0.000010 0.236823 0.000010 0.000010 0.000010 0.000010 0.080488
0.000010 0.000010 0.203506 0.000010 0.796394 0.000010 0.000010 0.000010 0.000010 0.000010 0.000010 0.000010
0.000010 0.069178 0.000010 0.000010 0.930722 0.000010 0.000010 0.000010 0.000010 0.000010 0.000010 0.000010
0.000010 0.000010 0.000010 0.000010 0.999890 0.000010 0.000010 0.000010 0.000010 0.000010 0.000010 0.000010
0.000010 0.134113 0.000010 0.021137 0.683552 0.000010 0.000010 0.000010 0.000010 0.000010 0.000010 0.161117
0.000010 0.000010 0.000010 0.000010 0.887327 0.000010 0.000010 0.112573 0.000010 0.000010 0.000010 0.000010
0.009008 0.000010 0.000010 0.386774 0.178237 0.000010 0.000010 0.000010 0.000010 0.001079 0.000010 0.424832
0.000010 0.000010 0.000010 0.000010 0.958035 0.000010 0.000010 0.000010 0.000010 0.000010 0.041865 0.000010
0.000010 0.069170 0.000010 0.000010 0.930730 0.000010 0.000010 0.000010 0.000010 0.000010 0.000010 0.000010
0.000010 0.000010 0.000010 0.000010 0.999890 0.000010 0.000010 0.000010 0.000010 0.000010 0.000010 0.000010
0.000010 0.000010 0.000010 0.234752 0.208188 0.000010 0.000010 0.000010 0.000010 0.000010 0.000010 0.556970
0.000010 0.000010 0.000010 0.000010 0.999890 0.000010 0.000010 0.000010 0.000010 0.000010 0.000010 0.000010
0.000010 0.000010 0.000010 0.000010 0.906352 0.093548 0.000010 0.000010 0.000010 0.000010 0.000010 0.000010
0.000010 0.000010 0.000010 0.000010 0.999890 0.000010 0.000010 0.000010 0.000010 0.000010 0.000010 0.000010
0.000010 0.000010 0.000010 0.000010 0.999890 0.000010 0.000010 0.000010 0.000010 0.000010 0.000010 0.000010
0.000010 0.000010 0.175185 0.000010 0.824715 0.000010 0.000010 0.000010 0.000010 0.000010 0.000010 0.000010
0.000010 0.000010 0.000010 0.215289 0.319253 0.010079 0.000010 0.000010 0.000010 0.000010 0.000010 0.455299
0.000010 0.000010 0.000014 0.000010 0.999878 0.000010 0.000010 0.000012 0.000010 0.000013 0.000013 0.000010
0.000010 0.000010 0.000010 0.064205 0.620090 0.000010 0.000010 0.000010 0.000010 0.000010 0.091182 0.224443
0.000010 0.000010 0.000010 0.000010 0.922780 0.000010 0.000010 0.000010 0.000010 0.000010 0.077120 0.000010
0.000010 0.000010 0.000010 0.000010 0.999884 0.000010 0.000010 0.000010 0.000010 0.000010 0.000016 0.000010
0.000010 0.000010 0.000010 0.269327 0.288740 0.000010 0.000010 0.000010 0.000010 0.000010 0.000010 0.441842
0.000010 0.000010 0.000010 0.000010 0.999882 0.000010 0.000010 0.000010 0.000010 0.000010 0.000017 0.000010
0.000010 0.000010 0.000010 0.000010 0.999886 0.000010 0.000010 0.000010 0.000010 0.000010 0.000014 0.000010
0.000010 0.000010 0.000010 0.000010 0.999890 0.000010 0.000010 0.000010 0.000010 0.000010 0.000010 0.000010
0.000010 0.000016 0.000010 0.000010 0.999884 0.000010 0.000010 0.000010 0.000010 0.000010 0.000010 0.000010
0.000010 0.000010 0.000010 0.000010 0.999890 0.000010 0.000010 0.000010 0.000010 0.000010 0.000010 0.000010
0.000010 0.000010 0.000010 0.000010 0.999890 0.000010 0.000010 0.000010 0.000010 0.000010 0.000010 0.000010
0.000010 0.000011 0.000011 0.000010 0.999872 0.000010 0.000018 0.000010 0.000010 0.000010 0.000018 0.000010
0.000010 0.000010 0.000010 0.000010 0.965659 0.000010 0.034241 0.000010 0.000010 0.000010 0.000010 0.000010
0.000010 0.000010 0.000011 0.000010 0.999884 0.000010 0.000010 0.000010 0.000010 0.000010 0.000015 0.000010
0.000010 0.000010 0.000010 0.000010 0.999890 0.000010 0.000010 0.000010 0.000010 0.000010 0.000010 0.000010
0.000010 0.000010 0.000010 0.326030 0.219490 0.000010 0.000010 0.000010 0.000010 0.000010 0.000010 0.454390
0.000010 0.000010 0.000010 0.000010 0.999890 0.000010 0.000010 0.000010 0.000010 0.000010 0.000010 0.000010
0.000010 0.000010 0.000010 0.000010 0.888022 0.111878 0.000010 0.000010 0.000010 0.000010 0.000010 0.000010
0.000010 0.101568 0.000010 0.032233 0.634042 0.000010 0.000010 0.000010 0.000010 0.000010 0.000010 0.232077
0.000010 0.000010 0.000010 0.000010 0.924547 0.000010 0.000010 0.000010 0.000010 0.000010 0.075353 0.000010
0.000010 0.000010 0.000010 0.000010 0.913630 0.000010 0.086270 0.000010 0.000010 0.000010 0.000010 0.000010
0.000010 0.000010 0.000010 0.000010 0.809138 0.190762 0.000010 0.000010 0.000010 0.000010 0.000010 0.000010
0.000010 0.000010 0.000010 0.000010 0.944164 0.000010 0.000010 0.000010 0.000010 0.000010 0.055736 0.000010
0.000010 0.000010 0.000013 0.000010 0.999881 0.000010 0.000010 0.000010 0.000010 0.000010 0.000017 0.000010
0.000010 0.000010 0.000010 0.000010 0.999890 0.000010 0.000010 0.000010 0.000010 0.000010 0.000010 0.000010
0.000010 0.000010 0.000010 0.000010 0.999889 0.000010 0.000010 0.000010 0.000010 0.000011 0.000010 0.000010
0.000010 0.000010 0.000010 0.000010 0.999887 0.000010 0.000012 0.000011 0.000010 0.000010 0.000010 0.000010
0.000010 0.000010 0.000010 0.000010 0.999890 0.000010 0.000010 0.000010 0.000010 0.000010 0.000010 0.000010
0.000011 0.000010 0.000015 0.000010 0.999866 0.000010 0.000010 0.000010 0.000015 0.000017 0.000015 0.000010
0.000010 0.000010 0.000010 0.000010 0.642201 0.000010 0.000010 0.000010 0.000010 0.000010 0.357699 0.000010
0.000010 0.000010 0.000010 0.000010 0.509793 0.000010 0.000010 0.000010 0.000010 0.266797 0.000010 0.223320
0.000010 0.000010 0.000010 0.000010 0.432063 0.000010 0.000010 0.000010 0.000010 0.000010 0.000010 0.567837
0.034174 0.000010 0.000010 0.129031 0.144294 0.000010 0.000010 0.000010 0.000010 0.000010 0.000010 0.692421
0.000010 0.000010 0.000010 0.000010 0.999889 0.000010 0.000010 0.000011 0.000010 0.000010 0.000010 0.000010
0.029739 0.000010 0.000010 0.138862 0.123980 0.000010 0.000010 0.000010 0.000010 0.008249 0.000010 0.699099
0.000010 0.000010 0.000010 0.003739 0.195206 0.000010 0.000010 0.000010 0.000010 0.000010 0.000010 0.800965
0.000010 0.000010 0.000010 0.000010 0.381209 0.000010 0.000010 0.000010 0.000010 0.030899 0.000010 0.587802
0.039280 0.000010 0.000010 0.144776 0.123459 0.000010 0.000010 0.000010 0.000010 0.039854 0.000010 0.652560
0.031428 0.000010 0.000010 0.145320 0.120434 0.000010 0.000010 0.000010 0.000010 0.029969 0.000010 0.672780
0.000010 0.000010 0.000010 0.000010 0.785201 0.000010 0.000010 0.000010 0.000010 0.000010 0.000010 0.214699
0.000010 0.000010 0.000010 0.000010 0.999800 0.000010 0.000010 0.000010 0.000100 0.000010 0.000010 0.000010
0.000010 0.000010 0.000010 0.000010 0.618996 0.000010 0.000014 0.000010 0.000010 0.000010 0.000010 0.380900
0.000010 0.000010 0.000010 0.000010 0.999890 0.000010 0.000010 0.000010 0.000010 0.000010 0.000010 0.000010
0.000010 0.000010 0.000010 0.000010 0.999890 0.000010 0.000010 0.000010 0.000010 0.000010 0.000010 0.000010
0.000010 0.116968 0.000010 0.000010 0.882932 0.000010 0.000010 0.000010 0.000010 0.000010 0.000010 0.000010
0.371627 0.000010 0.000010 0.000010 0.004140 0.000010 0.000010 0.000010 0.006099 0.000010 0.618053 0.000010
0.380008 0.000182 0.000010 0.000524 0.002267 0.000010 0.000010 0.006195 0.009917 0.000010 0.600832 0.000035
0.398926 0.000010 0.000010 0.000010 0.000010 0.000010 0.000010 0.015584 0.000010 0.000010 0.585400 0.000010
0.344505 0.000010 0.000010 0.000010 0.000010 0.000010 0.000010 0.029736 0.000010 0.000010 0.625669 0.000010
0.388634 0.000010 0.000010 0.000010 0.000010 0.002185 0.000010 0.000010 0.005439 0.000010 0.603662 0.000010
0.415824 0.000010 0.000010 0.000010 0.000010 0.000010 0.000010 0.020517 0.011142 0.000010 0.552437 0.000010
0.384044 0.000010 0.000010 0.000010 0.001026 0.000010 0.000010 0.020703 0.000010 0.000010 0.594147 0.000010
0.376193 0.000010 0.000010 0.000010 0.001900 0.000010 0.000010 0.015851 0.000010 0.000010 0.605977 0.000010
0.359498 0.000010 0.000010 0.000010 0.000010 0.000010 0.000010 0.030882 0.000010 0.000010 0.609530 0.000010
0.413168 0.000010 0.000010 0.000010 0.005276 0.000010 0.000010 0.000010 0.000010 0.000010 0.581466 0.000010
0.402162 0.000010 0.000010 0.000010 0.000070 0.000010 0.000010 0.014321 0.000010 0.000010 0.583367 0.000010
0.364413 0.000010 0.000010 0.000010 0.000010 0.000536 0.000010 0.019919 0.000010 0.000010 0.615052 0.000010
0.445739 0.000010 0.000010 0.000010 0.000010 0.000010 0.000010 0.001795 0.009762 0.000937 0.541697 0.000010
0.368469 0.000010 0.000010 0.000010 0.007976 0.000010 0.000010 0.025144 0.004106 0.000010 0.594236 0.000010
0.382227 0.000010 0.000010 0.000010 0.000010 0.000010 0.000010 0.010319 0.007006 0.000010 0.600368 0.000010
0.370872 0.000010 0.000010 0.000010 0.003489 0.006496 0.000010 0.002014 0.000010 0.000010 0.617059 0.000010
0.398744 0.000010 0.000010 0.000010 0.000010 0.004482 0.000010 0.000010 0.000010 0.000010 0.596684 0.000010
0.376088 0.000010 0.000010 0.000010 0.000010 0.000010 0.000010 0.022196 0.000010 0.000010 0.601627 0.000010
0.372447 0.000010 0.000010 0.000010 0.003241 0.000010 0.000010 0.014596 0.000010 0.000010 0.609637 0.000010
0.406192 0.000010 0.000010 0.000010 0.000019 0.000010 0.000010 0.014492 0.000010 0.000010 0.579217 0.000010
0.359996 0.000010 0.000010 0.000010 0.000010 0.000010 0.000010 0.008350 0.000010 0.000010 0.627096 0.004478
0.385230 0.000010 0.000010 0.000010 0.000010 0.000010 0.000010 0.013551 0.000010 0.000010 0.601129 0.000010
0.394456 0.000010 0.000010 0.000010 0.001281 0.000010 0.000010 0.006628 0.000010 0.000010 0.597555 0.000010
0.419331 0.000010 0.000010 0.000010 0.000010 0.000010 0.000010 0.000010 0.007098 0.000010 0.573481 0.000010
0.356034 0.000010 0.000010 0.000010 0.004399 0.000010 0.000010 0.026031 0.000010 0.000010 0.609730 0.003737
0.383317 0.000010 0.000010 0.000010 0.002635 0.000010 0.000010 0.035094 0.000010 0.000010 0.578874 0.000010
0.425594 0.000010 0.000010 0.001366 0.000010 0.000010 0.000010 0.010072 0.000010 0.000010 0.562888 0.000010
0.345682 0.000010 0.000010 0.000010 0.000709 0.000010 0.000010 0.010357 0.000010 0.000013 0.643169 0.000010
0.299387 0.000010 0.000010 0.000010 0.000010 0.000010 0.000010 0.029421 0.000010 0.000010 0.671102 0.000010
0.332986 0.000010 0.000010 0.000010 0.000010 0.000010 0.000010 0.010154 0.000010 0.000010 0.656770 0.000010
0.408093 0.000010 0.000010 0.000010 0.000010 0.000010 0.000010 0.009292 0.000010 0.000010 0.582524 0.000010
0.314892 0.000010 0.000432 0.000010 0.001653 0.000010 0.000010 0.000010 0.023076 0.000010 0.659876 0.000010
0.353535 0.000010 0.000010 0.000010 0.000010 0.005408 0.000010 0.013733 0.000010 0.000010 0.626993 0.000260
0.349010 0.000010 0.000010 0.000010 0.000010 0.000010 0.000010 0.018136 0.000010 0.000010 0.632764 0.000010
0.359787 0.000010 0.000010 0.000010 0.000010 0.000010 0.000010 0.017528 0.000010 0.000010 0.622595 0.000010
0.385228 0.000010 0.000010 0.000010 0.000010 0.000010 0.000010 0.027346 0.000010 0.000010 0.587336 0.000010
0.368419 0.000010 0.000010 0.000010 0.002103 0.000010 0.000010 0.000010 0.004790 0.000010 0.624609 0.000010
0.352623 0.000010 0.000010 0.000010 0.000010 0.000010 0.000010 0.000010 0.010779 0.000010 0.636508 0.000010
0.375197 0.000010 0.000010 0.000010 0.000823 0.000010 0.000010 0.000046 0.000010 0.002000 0.621864 0.000010
0.360859 0.000010 0.000010 0.000010 0.003972 0.000010 0.000010 0.006897 0.008565 0.002305 0.617342 0.000010
0.423223 0.000010 0.000010 0.000010 0.000010 0.000010 0.000010 0.014628 0.004176 0.000010 0.557892 0.000010
0.357938 0.000010 0.000010 0.000010 0.000788 0.000018 0.000010 0.017568 0.000010 0.000010 0.623619 0.000010
0.344972 0.000010 0.000010 0.000010 0.000010 0.000010 0.000010 0.016918 0.000010 0.000010 0.638020 0.000010
0.344031 0.000010 0.000010 0.000010 0.000968 0.000010 0.000010 0.017452 0.007798 0.000010 0.629681 0.000010
0.335048 0.000010 0.000010 0.000010 0.000010 0.000010 0.000010 0.001193 0.007114 0.000010 0.656565 0.000010
0.358311 0.000010 0.000010 0.000010 0.006992 0.000010 0.000010 0.000010 0.008779 0.000010 0.625838 0.000010
0.354825 0.000010 0.000010 0.000010 0.000010 0.000010 0.000010 0.016546 0.000010 0.000010 0.628539 0.000010
0.371122 0.000010 0.000010 0.000010 0.000010 0.000010 0.000010 0.000010 0.021419 0.000010 0.606245 0.001134
0.398439 0.000010 0.000010 0.000010 0.000417 0.000010 0.000010 0.000010 0.018318 0.000010 0.582746 0.000010
0.368214 0.000010 0.000010 0.000010 0.000010 0.000010 0.000010 0.005313 0.000010 0.000010 0.626383 0.000010
0.375812 0.000010 0.000010 0.000010 0.000010 0.000010 0.000010 0.027892 0.000010 0.000010 0.595630 0.000586
0.386212 0.000010 0.000010 0.000010 0.000010 0.003848 0.000010 0.000010 0.004574 0.000010 0.605016 0.000281
0.364627 0.000010 0.000010 0.000010 0.005294 0.000010 0.000010 0.020492 0.000144 0.000010 0.597586 0.011797
0.360964 0.000010 0.000010 0.000010 0.000010 0.000010 0.000010 0.011970 0.000010 0.000010 0.626074 0.000912
0.398297 0.000010 0.000010 0.000010 0.001811 0.000010 0.000010 0.002560 0.000010 0.000010 0.597252 0.000010
0.943012 0.000010 0.000010 0.000010 0.000010 0.000010 0.000010 0.000010 0.000010 0.043277 0.008074 0.005557
0.870142 0.000010 0.000010 0.000010 0.000010 0.004362 0.000010 0.000010 0.000010 0.037002 0.082491 0.005932
0.726241 0.000010 0.000010 0.000010 0.000010 0.000010 0.000010 0.000010 0.000516 0.032339 0.240825 0.000010
0.887907 0.000870 0.000010 0.000010 0.002417 0.018566 0.000010 0.000010 0.003978 0.022073 0.064139 0.000010
0.894651 0.000010 0.000010 0.000010 0.002104 0.000010 0.000010 0.000010 0.004294 0.056114 0.042766 0.000010
0.803505 0.000010 0.000010 0.000010 0.002531 0.000010 0.000010 0.001892 0.000010 0.038880 0.153122 0.000010
0.851521 0.000010 0.000010 0.000010 0.000010 0.000010 0.000010 0.000010 0.019545 0.036097 0.092756 0.000010
0.815645 0.000010 0.000010 0.000468 0.000010 0.030233 0.000010 0.012640 0.002684 0.015444 0.122836 0.000010
0.625870 0.008954 0.002016 0.000018 0.000010 0.008832 0.000010 0.044275 0.004878 0.025123 0.280005 0.000010
0.886796 0.000010 0.000010 0.000010 0.004019 0.000010 0.000010 0.000010 0.018499 0.038341 0.044868 0.007417
0.881364 0.000010 0.000010 0.000010 0.000010 0.000010 0.000010 0.015033 0.011547 0.038892 0.053094 0.000010
0.909187 0.000075 0.004420 0.002293 0.000010 0.000010 0.000010 0.000010 0.007350 0.045255 0.031370 0.000010
0.876814 0.000010 0.000010 0.000010 0.000010 0.000010 0.000010 0.000010 0.029218 0.034379 0.056328 0.003191
0.896741 0.003319 0.000010 0.000010 0.001297 0.000010 0.000010 0.000010 0.003303 0.045855 0.049426 0.000010
0.819976 0.000010 0.000010 0.000010 0.000891 0.000010 0.000010 0.001195 0.000010 0.037670 0.140197 0.000010
0.815637 0.000010 0.000010 0.000010 0.001145 0.002401 0.000010 0.000010 0.010643 0.035809 0.131885 0.002431
0.745649 0.000010 0.000010 0.000010 0.000010 0.000010 0.000229 0.019161 0.014572 0.021665 0.198663 0.000010
0.310609 0.000010 0.000010 0.000010 0.000010 0.000010 0.000010 0.025422 0.007715 0.000010 0.648792 0.007393
0.338707 0.000010 0.000010 0.000010 0.002962 0.000010 0.000010 0.006572 0.000010 0.000010 0.651679 0.000010
0.310835 0.001476 0.000010 0.000010 0.000010 0.000010 0.000010 0.008869 0.000600 0.000010 0.678150 0.000010
0.324389 0.000010 0.000010 0.000010 0.000010 0.000010 0.000010 0.012586 0.000010 0.000010 0.662936 0.000010
0.361622 0.000010 0.000010 0.000010 0.000010 0.000010 0.000010 0.019342 0.000010 0.000010 0.618947 0.000010
0.330038 0.001499 0.000010 0.000010 0.000628 0.000010 0.000010 0.000010 0.014734 0.000010 0.653031 0.000010
0.343748 0.000010 0.000010 0.000010 0.000010 0.000010 0.000010 0.016983 0.000893 0.000010 0.638296 0.000010
0.325250 0.000010 0.000010 0.000010 0.000010 0.001561 0.000010 0.015579 0.016035 0.000010 0.641505 0.000010
0.357873 0.000010 0.000010 0.000010 0.000010 0.000010 0.000010 0.012436 0.000010 0.000010 0.629602 0.000010
0.362679 0.000010 0.000010 0.000010 0.004733 0.000010 0.000010 0.025030 0.000010 0.000010 0.607478 0.000010
0.329087 0.000010 0.000010 0.000010 0.000010 0.000010 0.000010 0.028401 0.000010 0.000010 0.642422 0.000010
0.343079 0.000010 0.000010 0.000010 0.003665 0.000010 0.000010 0.013147 0.000010 0.000010 0.640029 0.000010
0.316728 0.000010 0.000010 0.000010 0.000010 0.000010 0.000010 0.027806 0.000010 0.000010 0.655376 0.000010
0.368012 0.000010 0.000010 0.000010 0.000010 0.007556 0.000010 0.009080 0.000010 0.001377 0.613905 0.000010
0.357737 0.000010 0.000010 0.000010 0.000010 0.000010 0.000010 0.000010 0.019092 0.000010 0.623081 0.000010
0.364574 0.000010 0.000010 0.000010 0.000010 0.000010 0.000010 0.027517 0.000010 0.000010 0.607819 0.000010
0.342444 0.000010 0.000010 0.000010 0.002504 0.000010 0.000010 0.015426 0.000010 0.000010 0.639546 0.000010
0.363387 0.000010 0.000010 0.000010 0.001841 0.000010 0.000010 0.024975 0.000010 0.000010 0.609717 0.000010
0.341241 0.000010 0.000010 0.000010 0.000056 0.000010 0.000010 0.009436 0.000010 0.000010 0.649186 0.000010
0.327382 0.000010 0.000010 0.000010 0.000642 0.003134 0.000010 0.021370 0.000010 0.000010 0.647401 0.000010
0.363911 0.000010 0.000010 0.000010 0.000010 0.000010 0.000010 0.005959 0.002499 0.000010 0.627550 0.000010
0.364801 0.000010 0.000010 0.000010 0.000010 0.000010 0.000010 0.010342 0.011784 0.000536 0.612467 0.000010
0.383476 0.000010 0.000010 0.000010 0.001142 0.000010 0.000010 0.009078 0.000010 0.000010 0.606224 0.000010
0.390683 0.000010 0.000010 0.000010 0.000010 0.000010 0.000010 0.002988 0.000010 0.000010 0.606239 0.000010
0.345024 0.000010 0.000010 0.000010 0.000010 0.000010 0.000010 0.015602 0.000010 0.000010 0.639283 0.000010
0.379676 0.000989 0.000010 0.000010 0.000010 0.000010 0.000010 0.000010 0.000010 0.000010 0.618940 0.000315
0.307210 0.000010 0.000010 0.000010 0.001610 0.000010 0.000010 0.005102 0.011642 0.000010 0.674366 0.000010
0.352061 0.000010 0.000010 0.000010 0.000925 0.000010 0.000010 0.014581 0.000010 0.000010 0.632353 0.000010
0.352745 0.000010 0.000010 0.000010 0.000010 0.000010 0.000010 0.000010 0.016927 0.000010 0.630239 0.000010
0.344424 0.000010 0.000010 0.000010 0.003248 0.000010 0.000010 0.000010 0.000010 0.000010 0.643964 0.008283
0.344687 0.000010 0.000010 0.000010 0.000010 0.000010 0.000010 0.004560 0.000010 0.000010 0.650664 0.000010
0.847171 0.000878 0.000010 0.000010 0.000010 0.009723 0.000010 0.000010 0.026188 0.022356 0.093624 0.000010
0.868324 0.000010 0.000010 0.000010 0.000010 0.000010 0.000010 0.009781 0.005001 0.045333 0.071491 0.000010
0.763818 0.000010 0.000017 0.000010 0.000010 0.023811 0.003371 0.005637 0.010690 0.009875 0.182740 0.000010
0.931165 0.005428 0.000010 0.000010 0.000010 0.000010 0.000010 0.003913 0.007216 0.019381 0.023219 0.009628
0.948505 0.000010 0.000010 0.000010 0.000010 0.000010 0.002875 0.000010 0.000517 0.048023 0.000010 0.000010
0.908870 0.000010 0.000010 0.000010 0.005297 0.037536 0.000010 0.000266 0.027344 0.003659 0.016979 0.000010
0.755170 0.000010 0.000010 0.000010 0.002747 0.000010 0.000010 0.022564 0.000010 0.038530 0.180920 0.000010
0.848911 0.000010 0.000010 0.000010 0.002626 0.000010 0.000010 0.002375 0.000010 0.033802 0.112216 0.000010
0.779582 0.000010 0.000010 0.000010 0.001192 0.000010 0.003058 0.000010 0.003636 0.022499 0.189973 0.000010
0.877570 0.000010 0.000010 0.000010 0.000010 0.000010 0.000010 0.000010 0.023916 0.031168 0.064989 0.002287
0.692524 0.000010 0.000010 0.000010 0.007705 0.006843 0.000010 0.011431 0.006348 0.010368 0.264731 0.000010
0.909650 0.002631 0.000010 0.000010 0.000010 0.008542 0.000010 0.000010 0.015878 0.019368 0.043872 0.000010
0.862610 0.000010 0.000010 0.000010 0.002737 0.008807 0.000010 0.000010 0.015411 0.030392 0.079983 0.000010
0.876124 0.000010 0.000010 0.000010 0.000010 0.000010 0.000010 0.001990 0.000258 0.033631 0.082922 0.005016
0.865850 0.001157 0.000010 0.000010 0.000010 0.000010 0.009740 0.000010 0.022317 0.038621 0.062255 0.000010
0.822821 0.000010 0.000010 0.000010 0.000010 0.012530 0.000010 0.015337 0.000010 0.025972 0.123270 0.000010
0.927236 0.000010 0.000010 0.000010 0.000010 0.013923 0.000010 0.006142 0.000010 0.036288 0.016340 0.000010
0.932752 0.000010 0.000010 0.000010 0.000010 0.000010 0.000010 0.036110 0.000010 0.031048 0.000010 0.000010
0.938085 0.000010 0.000010 0.000010 0.000010 0.007276 0.000010 0.004198 0.020111 0.030260 0.000010 0.000010
0.935734 0.000010 0.000010 0.000010 0.000010 0.004870 0.000010 0.009150 0.014557 0.020379 0.015251 0.000010
0.747832 0.000010 0.000010 0.000980 0.000010 0.000010 0.000010 0.033349 0.000010 0.019938 0.197831 0.000010
0.857862 0.000010 0.000010 0.000010 0.000010 0.024275 0.004282 0.009234 0.000010 0.020694 0.083593 0.000010
0.854566 0.000010 0.007001 0.000010 0.000010 0.000010 0.000010 0.009154 0.000780 0.042678 0.084027 0.001743
0.795600 0.000010 0.000010 0.000010 0.002491 0.000010 0.000010 0.000010 0.004644 0.029567 0.167628 0.000010
0.694304 0.000010 0.000010 0.000010 0.000010 0.019105 0.000010 0.000010 0.000787 0.002951 0.281355 0.001438
0.864453 0.000010 0.004074 0.000010 0.000010 0.000010 0.000010 0.000010 0.015666 0.035538 0.080199 0.000010
0.785565 0.000010 0.000010 0.000010 0.000010 0.000010 0.000010 0.000010 0.022664 0.035569 0.147408 0.008724
0.817975 0.000010 0.000010 0.000010 0.000010 0.016015 0.000010 0.000010 0.001651 0.010426 0.153864 0.000010
0.878676 0.000010 0.000010 0.000010 0.000010 0.009550 0.000010 0.000010 0.012647 0.028745 0.069982 0.000339
0.772078 0.000010 0.000010 0.000017 0.000010 0.021769 0.000010 0.000010 0.000010 0.019351 0.186716 0.000010
0.855683 0.000010 0.000010 0.000010 0.000010 0.037802 0.000010 0.000010 0.017135 0.000461 0.080400 0.008459
0.956972 0.000010 0.001215 0.000010 0.000010 0.000010 0.000010 0.000010 0.001596 0.036898 0.003249 0.000010
0.951064 0.000010 0.000010 0.000010 0.000010 0.000010 0.000010 0.000010 0.008435 0.040410 0.000010 0.000010
0.948147 0.000010 0.000010 0.000010 0.000010 0.018165 0.000010 0.000010 0.000010 0.033598 0.000010 0.000010
0.869941 0.000010 0.000010 0.000230 0.000010 0.000010 0.000010 0.000010 0.000010 0.033819 0.095930 0.000010
0.856497 0.000010 0.000010 0.000010 0.000010 0.013974 0.000010 0.000010 0.009435 0.026828 0.091934 0.001272
0.827912 0.000010 0.000010 0.000010 0.000434 0.015376 0.000010 0.000010 0.017828 0.002678 0.132978 0.002742
0.752112 0.000010 0.000010 0.000010 0.000010 0.000010 0.000010 0.000010 0.022773 0.020734 0.204301 0.000010
0.792406 0.000010 0.000010 0.000129 0.000019 0.008698 0.000010 0.000010 0.013896 0.026680 0.158123 0.000010
0.817544 0.000010 0.000010 0.000010 0.005597 0.001507 0.000010 0.000010 0.002616 0.025262 0.139172 0.008252
0.793126 0.002344 0.000010 0.000010 0.000010 0.003765 0.000010 0.000010 0.016080 0.023535 0.158030 0.003070
0.821838 0.000010 0.001115 0.002174 0.000010 0.014339 0.000010 0.000010 0.000010 0.007271 0.153203 0.000010
0.824803 0.000010 0.000010 0.000010 0.000010 0.013121 0.000010 0.000010 0.000010 0.022142 0.139854 0.000010
0.852470 0.000010 0.000010 0.000010 0.000010 0.000010 0.000010 0.000011 0.000530 0.045786 0.101134 0.000010
0.755565 0.000010 0.000010 0.000010 0.000010 0.000010 0.000010 0.000010 0.000010 0.030763 0.213583 0.000010
0.870467 0.013991 0.000010 0.000010 0.000010 0.011657 0.000010 0.000010 0.011248 0.012325 0.080252 0.000010
0.823359 0.000010 0.000010 0.000010 0.000010 0.020856 0.000010 0.023071 0.000010 0.021784 0.110860 0.000010
0.616912 0.009293 0.000010 0.000010 0.000010 0.004227 0.000010 0.048074 0.000010 0.028809 0.289041 0.003593
